     0             1            1  
     1             2            2   1
     2             4            3   2
     3             6            4   1 1
     4            12            6   2 1
     5            24            8   3 1
     6            36            9   2 2
     7            48           10   4 1
     8            60           12   2 1 1
     9           120           16   3 1 1
    10           180           18   2 2 1
    11           240           20   4 1 1
    12           360           24   3 2 1
    13           720           30   4 2 1
    14           840           32   3 1 1 1
    15          1260           36   2 2 1 1
    16          1680           40   4 1 1 1
    17          2520           48   3 2 1 1
    18          5040           60   4 2 1 1
    19          7560           64   3 3 1 1
    20         10080           72   5 2 1 1
    21         15120           80   4 3 1 1
    22         20160           84   6 2 1 1
    23         25200           90   4 2 2 1
    24         27720           96   3 2 1 1 1
    25         45360          100   4 4 1 1
    26         50400          108   5 2 2 1
    27         55440          120   4 2 1 1 1
    28         83160          128   3 3 1 1 1
    29        110880          144   5 2 1 1 1
    30        166320          160   4 3 1 1 1
    31        221760          168   6 2 1 1 1
    32        277200          180   4 2 2 1 1
    33        332640          192   5 3 1 1 1
    34        498960          200   4 4 1 1 1
    35        554400          216   5 2 2 1 1
    36        665280          224   6 3 1 1 1
    37        720720          240   4 2 1 1 1 1
    38       1081080          256   3 3 1 1 1 1
    39       1441440          288   5 2 1 1 1 1
    40       2162160          320   4 3 1 1 1 1
    41       2882880          336   6 2 1 1 1 1
    42       3603600          360   4 2 2 1 1 1
    43       4324320          384   5 3 1 1 1 1
    44       6486480          400   4 4 1 1 1 1
    45       7207200          432   5 2 2 1 1 1
    46       8648640          448   6 3 1 1 1 1
    47      10810800          480   4 3 2 1 1 1
    48      14414400          504   6 2 2 1 1 1
    49      17297280          512   7 3 1 1 1 1
    50      21621600          576   5 3 2 1 1 1
    51      32432400          600   4 4 2 1 1 1
    52      36756720          640   4 3 1 1 1 1 1
    53      43243200          672   6 3 2 1 1 1
    54      61261200          720   4 2 2 1 1 1 1
    55      73513440          768   5 3 1 1 1 1 1
    56     110270160          800   4 4 1 1 1 1 1
    57     122522400          864   5 2 2 1 1 1 1
    58     147026880          896   6 3 1 1 1 1 1
    59     183783600          960   4 3 2 1 1 1 1